2 2   -0.353500    0.612300    0.000000	   -0.000462   -0.000267    0.000223    0.707106
2 2   -0.353500   -0.612300    0.000000	    0.000462   -0.000266    0.000223    0.707107
2 2    0.353500    0.612300    0.000000	   -0.000462    0.000266   -0.000223    0.707107
2 2   -0.707000   -0.000000    0.000000	    0.000000   -0.000533   -0.000223    0.707107
2 2    0.707000    0.000000    0.000000	   -0.000000    0.000533    0.000223    0.707107
2 2    0.353500   -0.612300    0.000000	    0.000462    0.000267   -0.000223    0.707107
2 2   -1.060500   -0.612300    0.000000	   -0.000032    0.000056    0.000000    1.224744
2 2   -1.060500    0.612300    0.000000	    0.000032    0.000056   -0.000000    1.224745
2 2   -0.000000    1.224600    0.000000	    0.000065    0.000000   -0.000000    1.224745
2 2    0.000000   -1.224600    0.000000	   -0.000065   -0.000000    0.000000    1.224745
2 2    1.060500    0.612300    0.000000	    0.000032   -0.000056   -0.000000    1.224745
2 2    1.060500   -0.612300    0.000000	   -0.000032   -0.000056    0.000000    1.224745
2 2   -1.414000   -0.000000    0.000000	    0.000000    0.000818   -0.000040    1.414213
2 2   -0.707000   -1.224600    0.000000	   -0.000708    0.000409    0.000040    1.414214
2 2   -0.707000    1.224600    0.000000	    0.000709    0.000409    0.000040    1.414214
2 2    0.707000   -1.224600    0.000000	   -0.000709   -0.000409   -0.000040    1.414214
2 2    1.414000    0.000000    0.000000	   -0.000000   -0.000818    0.000040    1.414214
2 2    0.707000    1.224600    0.000000	    0.000708   -0.000409   -0.000040    1.414214
2 2   -1.767500    0.612300    0.000000	    0.000053    0.000021    0.000062    1.870828
2 2   -0.353500    1.836900    0.000000	    0.000045   -0.000035   -0.000062    1.870828
2 2   -1.767500   -0.612300    0.000000	   -0.000053    0.000021    0.000062    1.870828
2 2    1.767500    0.612300    0.000000	    0.000053   -0.000021   -0.000062    1.870828
2 2   -0.353500   -1.836900    0.000000	   -0.000045   -0.000035   -0.000062    1.870828
2 2    0.353500   -1.836900    0.000000	   -0.000045    0.000035    0.000062    1.870829
2 2    0.353500    1.836900    0.000000	    0.000045    0.000035    0.000062    1.870829
2 2   -1.414000   -1.224600    0.000000	    0.000008    0.000056   -0.000062    1.870829
2 2    1.414000    1.224600    0.000000	   -0.000008   -0.000056    0.000062    1.870829
2 2   -1.414000    1.224600    0.000000	   -0.000008    0.000056   -0.000062    1.870829
2 2    1.414000   -1.224600    0.000000	    0.000008   -0.000056    0.000062    1.870829
2 2    1.767500   -0.612300    0.000000	   -0.000053   -0.000021   -0.000062    1.870829
2 2   -1.060500    1.836900    0.000000	    0.000046    0.000027   -0.000004    2.121320
2 2   -2.121000   -0.000000    0.000000	   -0.000000    0.000053    0.000004    2.121320
2 2   -1.060500   -1.836900    0.000000	   -0.000046    0.000027   -0.000004    2.121320
2 2    1.060500    1.836900    0.000000	    0.000046   -0.000027    0.000004    2.121320
2 2    1.060500   -1.836900    0.000000	   -0.000046   -0.000027    0.000004    2.121321
2 2    2.121000    0.000000    0.000000	    0.000000   -0.000053   -0.000004    2.121321
