2 2    0.353500   -0.612300    0.000000	    0.975697    0.707106
2 2    0.353500    0.612300    0.000000	    0.975697    0.707107
2 2   -0.353500   -0.612300    0.000000	    0.975697    0.707107
2 2    0.707000    0.000000    0.000000	    0.975695    0.707107
2 2   -0.707000   -0.000000    0.000000	    0.975695    0.707107
2 2   -0.353500    0.612300    0.000000	    0.975697    0.707107
2 2    1.060500    0.612300    0.000000	    0.118783    1.224744
2 2    1.060500   -0.612300    0.000000	    0.118783    1.224745
2 2    0.000000   -1.224600    0.000000	    0.118783    1.224745
2 2   -0.000000    1.224600    0.000000	    0.118783    1.224745
2 2   -1.060500   -0.612300    0.000000	    0.118783    1.224745
2 2   -1.060500    0.612300    0.000000	    0.118783    1.224745
2 2    1.414000    0.000000    0.000000	   -0.000677    1.414213
2 2    0.707000    1.224600    0.000000	   -0.000678    1.414214
2 2    0.707000   -1.224600    0.000000	   -0.000677    1.414214
2 2   -0.707000    1.224600    0.000000	   -0.000677    1.414214
2 2   -1.414000   -0.000000    0.000000	   -0.000677    1.414214
2 2   -0.707000   -1.224600    0.000000	   -0.000678    1.414214
2 2    1.767500   -0.612300    0.000000	   -0.005912    1.870828
2 2    0.353500   -1.836900    0.000000	   -0.005912    1.870828
2 2    1.767500    0.612300    0.000000	   -0.005912    1.870828
2 2   -1.767500   -0.612300    0.000000	   -0.005912    1.870828
2 2    0.353500    1.836900    0.000000	   -0.005912    1.870828
2 2   -0.353500    1.836900    0.000000	   -0.005912    1.870828
2 2   -0.353500   -1.836900    0.000000	   -0.005912    1.870829
2 2    1.414000    1.224600    0.000000	   -0.005912    1.870829
2 2   -1.414000   -1.224600    0.000000	   -0.005912    1.870829
2 2    1.414000   -1.224600    0.000000	   -0.005911    1.870829
2 2   -1.414000    1.224600    0.000000	   -0.005911    1.870829
2 2   -1.767500    0.612300    0.000000	   -0.005912    1.870829
2 2    1.060500   -1.836900    0.000000	   -0.013399    2.121320
2 2    2.121000    0.000000    0.000000	   -0.013399    2.121320
2 2    1.060500    1.836900    0.000000	   -0.013399    2.121320
2 2   -1.060500   -1.836900    0.000000	   -0.013399    2.121320
2 2   -1.060500    1.836900    0.000000	   -0.013399    2.121321
2 2   -2.121000   -0.000000    0.000000	   -0.013399    2.121321

